# generated by export_phone_model.py from mujoco/mjcf/scene_servo.xml - do not edit
body 1 0 0 0 0 1 0 0 0 fixed - -1 0
body 2 1 0 -0.10327694 0.29998622999999996 0.73727733681012408 0.67559020761566024 0 0 fixed - -1 0
body 3 2 0 0 0.087999999999999995 0.70710678118654635 5.5114950436610495e-19 -5.5114950436612402e-19 0.70710678118654868 arm RA 0 1
body 4 3 5.6843418860808016e-17 0 0.068999999999999978 0.70710678118654624 -0.70710678118654879 1.3246252948841205e-15 -3.6130749672804068e-15 arm RA 1 1
body 5 4 5.6843418860808016e-17 0 1.8143800820083272e-31 0.50000000000000344 -0.49999999999999989 0.5 -0.49999999999999667 arm RA 2 1
body 6 5 -1.1368683772161603e-15 1.1082635780607589e-15 -0.34300000000000014 0.49999999999999911 0.50000000000000255 0.49999999999999922 0.49999999999999911 arm RA 3 1
body 7 6 0 0 0 0.70710678118654624 0.70710678118654879 0 0 arm RA 4 1
body 8 7 0 9.0949470177292826e-16 0.27400000000000008 0.5 0.50000000000000167 0.50000000000000011 0.49999999999999833 arm RA 5 1
body 9 8 -0.039001995086748904 -9.8826060974488424e-07 0.043799999999654234 1 -5.745183734802853e-32 1.6714233167284595e-31 -1.1046593809031588e-18 passive RA 5 -0.999998791
body 10 9 1.9950990897825705e-06 -0.079999999975114033 0.007000000000089884 1 -5.745183734802853e-32 1.6714233167284595e-31 -1.1046593809031588e-18 passive RA 5 1.00012331
body 11 8 0 0 0 0.50000000000000167 0.5 0.50000000000000178 0.49999999999999661 arm RA 6 1
body 12 1 0 0.10327694 0.29998622999999996 0.73727733681012408 -0.67559020761566024 0 -2.3822088026714056e-15 fixed - -1 0
body 13 12 1.0097419586828951e-31 0 0.087999999999999995 0.70710678118654635 -5.5114950436591111e-19 -5.5114950436631777e-19 -0.70710678118654868 arm LA 0 1
body 14 13 5.6843418860808016e-17 0 0.068999999999999978 0.70710678118654624 0.70710678118654879 -5.5114950436573796e-19 5.511495043664912e-19 arm LA 1 1
body 15 14 5.6843418860808016e-17 0 0 0.5 0.50000000000000167 0.50000000000000011 0.49999999999999833 arm LA 2 1
body 16 15 -1.1368683772161603e-15 4.2409162264681597e-30 -0.34300000000000014 0.49999999999999822 -0.5 0.50000000000000178 -0.5 arm LA 3 1
body 17 16 0 0 0 0.70710678118654624 -0.70710678118654879 1.394522238736842e-31 -2.2847250477808306e-15 arm LA 4 1
body 18 17 -8.8531842678905463e-16 -9.0949470177292826e-16 0.27400000000000008 0.50000000000000511 -0.49999999999999822 0.49999999999999845 -0.49999999999999822 arm LA 5 1
body 19 18 0 0 0 0.49999999999999822 -0.5 0.50000000000000178 -0.5 arm LA 6 1
body 20 18 -0.039049992372437801 2.4406245055445198e-05 0.043799999999899537 1 8.4567810351652521e-32 -2.2737414250302671e-31 4.5422682703521782e-19 passive LA 5 -0.999920784
body 21 20 4.9999989828279467e-05 0.079999984374998862 0.0070000000000643185 1 8.4567810351652521e-32 -2.2737414250302671e-31 4.5422682703521782e-19 passive LA 5 1.00271994
geom 1 0 -0.0014033754544344975 0.0055498468867743967 0.2211225094204701 0.99980601317170414 0.017362286138687611 -0.0090170195387674935 -0.0022760501704074424 0.500 0.500 0.500
geom 2 1 -7.4114028365465459e-06 7.8746096493032722e-06 0.046600822336808921 0.49743297445568713 0.48753991382010475 0.50290845825693753 0.51180890083124309 0.500 0.500 0.500
geom 3 2 -2.1093207394948887e-05 -0.00035723758049788695 0.066298652197109675 0.99975927197178105 0.017434636939845139 -0.012961304453336436 -0.003071828136148804 0.500 0.500 0.500
geom 4 3 -0.050558583195547548 -1.2637940388116389e-05 0.001249986883249175 0.68143208288224499 0.19009937217887968 0.18922975112031087 0.6809586231239807 0.500 0.500 0.500
geom 5 4 0.0020974042467681009 -0.00017071361314145971 -0.21867559562461603 0.68917105893044028 -0.011037465542821792 -0.0093243367596650539 0.72445461046989035 0.500 0.500 0.500
geom 6 5 -1.0732467144918388e-05 -0.094359735728171773 0.0023919319275522589 0.66552640578623545 0.74637327218662641 0.00079055847104365961 -0.00095748837520872286 0.500 0.500 0.500
geom 7 6 -0.000934474426719121 -0.00010575543280701574 0.19497021663920938 0.70562207298360669 0.0053356627018404162 0.0051887469707158915 0.70854929096480301 0.500 0.500 0.500
geom 8 7 -0.0016557421449727122 0.00017763268112501096 0.0010289038069030559 0.43249484596873183 0.56606566287290261 0.55665282873896971 0.42738214958471316 0.500 0.500 0.500
geom 9 8 0.00034188920574849252 -0.038972946127632184 0.00075257291733258421 0.53124586156321141 0.47972893953956541 -0.47256183154710552 0.51412381242756378 0.500 0.500 0.500
geom 10 9 0.033752319871311193 8.6854114514437295e-07 -0.0099728548427162767 0 0.73834962962059847 0 0.67441813768546377 0.500 0.500 0.500
geom 11 10 0.039813721225585345 0.00010530319743928759 0.019570658611904483 0.35075376277101777 0.61387716309652174 0.61243262062911175 0.35362821114823434 0.500 0.500 0.500
geom 12 11 1.8452074863745488e-05 -4.9692718852933584e-06 0.046620624737479854 0.50255370327220261 0.51268927429453759 0.49836755317894582 0.4860239348933017 0.500 0.500 0.500
geom 13 12 -5.0011320577306608e-06 0.00034791558429152425 0.066295804342055398 0.99976564546802404 -0.017578618543844009 -0.012633514728092396 0.00020153811135310354 0.500 0.500 0.500
geom 14 13 -0.050530262276639731 1.6315228716914401e-05 0.0012768426155322352 0.68042661910374469 0.1914852622901573 0.19117054616046328 0.68103365013883765 0.500 0.500 0.500
geom 15 14 0.0021440412792821432 0.00012948943428348484 -0.2186984657911191 0.72577863614322158 -0.0093278927850639556 -0.010808248549920768 0.68778015637088574 0.500 0.500 0.500
geom 16 15 -2.269439467403742e-06 0.094360192099129034 0.002390936900381562 0.74598529143811365 0.66596144886439046 -0.00078996909518006626 0.00081825012355140085 0.500 0.500 0.500
geom 17 16 -0.00093279367471771075 9.695487586650345e-05 0.19493397552968383 0.7084441555916996 0.0073897589117334923 0.0074026718660868667 0.70568935823096735 0.500 0.500 0.500
geom 18 17 -0.0016944310882051582 -0.00017801920927054541 0.0010015019181669209 0.42807593953189682 0.55719866781053895 0.5682782283604203 0.42818277610804123 0.500 0.500 0.500
geom 19 18 0.039810339075909765 0.00010172352228753286 0.019544652189642193 0.35037885171472855 0.61430856968036918 0.6119596419170239 0.35406925615353568 0.500 0.500 0.500
geom 20 19 0.00035866439837690879 0.038931789918293165 0.00075227986851012397 0.47951640186305433 0.5304677141769607 -0.51490306268035191 0.47280319436587603 0.500 0.500 0.500
geom 21 20 0.033736408485788731 -1.2058342404662443e-05 -0.0099715471102865445 -0.00018107919966858788 0.7386416358302561 0.00016525628773800261 0.67409826710850562 0.500 0.500 0.500
arm RA 11 0.06849999999999995 2.3916647171075452e-16 -5.6843418860808016e-17 1 -1.4816809819461326e-32 7.794431039697685e-19 1.5487957239772115e-31
home RA 0 0 0 1.5707960000000001 0 0 0
qmin RA -1.5707963267948966 -0.40090212918309748 -1.5707963267948966 -0.40910517666747087 -1.5707963267948966 -1.383173 -2.0453513504121545
qmax RA 1.5707963267948966 1.5707963267948966 1.5707963267948966 1.6036085167323899 1.5707963267948966 0.85241880667403058 2.0453513504121545
arm LA 19 0.06849999999999995 -2.3916647171075472e-16 -5.6843418860808016e-17 1 -1.7674131964747515e-31 7.794431039697685e-19 9.9083103372128096e-32
home LA 0 0 0 -1.5707960000000001 0 0 0
qmin LA -1.5707963267948966 -1.5707963267948966 -1.5707963267948966 -1.6036085167323899 -1.5707963267948966 -0.85241880667403058 -2.0453513504121545
qmax LA 1.5707963267948966 0.40090212918309748 1.5707963267948966 0.34365532971768353 1.5707963267948966 1.3308139999999999 2.0453513504121545
